-0.1006813496351242
-0.1604616791009903
-0.19899412989616394
0.010213803499937057
-0.05773654207587242
0.2043752372264862
-0.004976075142621994
0.17104463279247284
0.07722142338752747
0.07150064408779144
0.03455645218491554
-0.06374866515398026
-0.048338573426008224
-0.10304313898086548
-0.13998763263225555
-0.02660132572054863
0.2865757644176483
-0.013146631419658661
0.07312843203544617
0.1251535415649414
-0.05221368372440338
-0.001803319901227951
0.037094611674547195
0.01393236592411995
-0.0771084874868393
0.05297226086258888
-0.13435883820056915
-0.2572214603424072
-0.3934154808521271
-0.015681058168411255
-0.2369060069322586
-0.4270479381084442
-0.13826805353164673
-0.1252025067806244
-0.3126711845397949
-0.2538653612136841
-0.10596543550491333
-0.09386277198791504
-0.14553485810756683
-0.06495566666126251
-0.05995550379157066
-0.1603824645280838
-0.10424014925956726
-0.02021961659193039
-0.023691602051258087
-0.1756545603275299
-0.01275629922747612
-0.3296341300010681
-0.5175658464431763
-0.07437416911125183
-0.06063924357295036
0.026784304529428482
-0.05611599609255791
-0.022976364940404892
-0.15078409016132355
-0.16298259794712067
-0.09088784456253052
-0.1500822901725769
-0.20828942954540253
-0.08373390138149261
0.051820386201143265
-0.13130848109722137
-0.16531527042388916
-0.28755855560302734
-0.2648114562034607
-0.3674578368663788
-0.4651795029640198
-0.41523152589797974
-0.5556265115737915
-0.41788503527641296
-0.4809368848800659
-0.2813701927661896
-0.07123111188411713
-0.27427977323532104
-0.20555400848388672
-0.1008739173412323
0.07502107322216034
-0.06310387700796127
-0.07239189743995667
0.02679390087723732
-0.053013451397418976
-0.04451198875904083
-0.09102416038513184
0.05529150739312172
-0.26493018865585327
-0.22137317061424255
-0.3856675922870636
-0.3463837206363678
-0.21011631190776825
-0.21845023334026337
-0.21938075125217438
-0.11572500318288803
0.022410113364458084
-0.06275425851345062
0.006984461098909378
0.04447120800614357
-0.027652177959680557
-0.06634814292192459
-0.22340422868728638
-0.17107655107975006
0.003992531448602676
-0.39600902795791626
-0.2770337462425232
-0.24578975141048431
-0.11302775144577026
-0.14657747745513916
-0.27747660875320435
-0.21163177490234375
-0.14995239675045013
-0.056243233382701874
-0.055692851543426514
-0.10192932188510895
-0.06284160166978836
-0.09262973070144653
0.025977764278650284
-0.1868913471698761
-0.19371837377548218
-0.12702150642871857
-0.3535587191581726
-0.06992019712924957
-0.2279009073972702
-0.05053788423538208
-0.47032809257507324
-0.39058807492256165
-0.10829049348831177
-0.23316514492034912
-0.17468897998332977
-0.38954684138298035
-0.29698067903518677
-0.2161865532398224
-0.34756287932395935
-0.32496345043182373
-0.48929935693740845
-0.24388663470745087
-0.30590301752090454
-0.2642890512943268
-0.23374712467193604
-0.140143021941185
-0.2852528691291809
-0.32351431250572205
-0.40843990445137024
-0.20409633219242096
-0.18492372334003448
-0.22191722691059113
-0.2021300494670868
-0.12852220237255096
-0.0903904139995575
-0.3987702429294586
-0.1705380380153656
-0.24911858141422272
-0.6072062849998474
-0.3019133508205414
-0.44344645738601685
-0.27003222703933716
-0.21718844771385193
-0.11819328367710114
-0.17484432458877563
-0.24719204008579254
-0.3887476921081543
-0.344184011220932
-0.19968818128108978
-0.2965872287750244
-0.27012473344802856
-0.3967553675174713
-0.29540351033210754
-0.3185775876045227
-0.23186713457107544
-0.20705708861351013
-0.21075356006622314
-0.3599631190299988
-0.29552870988845825
-0.3482372462749481
-0.10940545797348022
-0.27683722972869873
-0.46209487318992615
0.21080553531646729
0.19732365012168884
0.17049862444400787
-0.18997648358345032
-0.14635859429836273
-0.13201814889907837
-0.20823568105697632
-0.1413636952638626
-0.25071728229522705
0.004280548542737961
-0.1505022495985031
-0.1127525269985199
-0.1266225427389145
-0.009906824678182602
-0.04048124700784683
0.13845780491828918
0.10512980818748474
-0.05545588582754135
0.03197020664811134
0.09116777777671814
-0.08634509146213531
0.0040054358541965485
-0.07798142731189728
0.27495601773262024
-0.11131305992603302
-0.3031555116176605
0.08758291602134705
-0.2631840705871582
-0.28003618121147156
-0.30697110295295715
-0.02224605157971382
-0.35042232275009155
-0.2981313169002533
-0.3017347753047943
-0.2862125635147095
-0.22212892770767212
-0.15016482770442963
-0.2712142765522003
-0.2131473869085312
-0.1791539192199707
-0.31685176491737366
-0.32751959562301636
-0.23496279120445251
-0.244821235537529
-0.2545188069343567
-0.06538824737071991
-0.2231653332710266
-0.07965196669101715
-0.0007976032793521881
-0.42925700545310974
0.2857816815376282
0.20235851407051086
0.08738002181053162
0.15064355731010437
-0.04300197213888168
0.076587975025177
-0.051304809749126434
0.2440176010131836
0.017673108726739883
-0.07655548304319382
0.02146812155842781
-0.09983104467391968
0.11712828278541565
0.3101702630519867
0.10802295804023743
0.19296765327453613
0.1991572082042694
0.26957255601882935
0.1679801046848297
0.09330028295516968
0.18653452396392822
0.08240756392478943
0.03215285763144493
0.11061060428619385
0.20734277367591858
-0.23535364866256714
-0.27551278471946716
-0.36701130867004395
-0.3415164351463318
-0.33403393626213074
-0.3695964813232422
-0.26071345806121826
-0.22622916102409363
-0.26520246267318726
-0.2995277941226959
-0.49635326862335205
-0.1280626505613327
-0.15037469565868378
-0.3771471083164215
-0.28755098581314087
-0.33780649304389954
-0.3618016242980957
-0.4049433171749115
-0.3307654559612274
-0.18863022327423096
-0.1125834733247757
-0.33564722537994385
-0.3780694603919983
-0.11326369643211365
-0.2720520496368408
0.03834069147706032
-0.37087714672088623
-0.13610149919986725
0.03355124965310097
-0.11541399359703064
-0.14105838537216187
-0.1438833475112915
-0.10847967118024826
-0.12503491342067719
-0.2757769227027893
-0.03975357860326767
0.11524438858032227
-0.12443695962429047
-0.15305520594120026
-0.11561860144138336
-0.08708353340625763
0.007224906235933304
-0.11875425279140472
-0.22498488426208496
0.0001986473798751831
-0.006596878170967102
-0.11257550120353699
-0.21171525120735168
-0.07981987297534943
0.32433390617370605
-0.14142175018787384
-0.15802089869976044
-0.01344389095902443
-0.19487854838371277
0.015475336462259293
-0.11366885900497437
-0.1352192461490631
-0.04557187482714653
0.022581178694963455
-0.132603719830513
-0.02470724657177925
-0.19833041727542877
0.04537712410092354
-0.01544804498553276
-0.10530421137809753
-0.04049624130129814
0.05656442418694496
-0.07775712013244629
0.30976319313049316
-0.03179696947336197
-0.03316427767276764
-0.0655878484249115
-0.06592102348804474
-0.25014761090278625
0.0558893196284771
-0.022736240178346634
-0.07483646273612976
0.08478406071662903
-0.05322292819619179
0.2401767373085022
0.13042700290679932
-0.061233483254909515
-0.16678830981254578
0.007806677371263504
-0.21372275054454803
-0.04814106225967407
-0.007459130138158798
0.0859079509973526
0.25638651847839355
-0.09133920073509216
-0.08350363373756409
0.05990651622414589
-0.11677093803882599
-0.17117944359779358
-0.012947436422109604
-0.10334555804729462
-0.034174978733062744
-0.18714161217212677
-0.24102120101451874
0.02959023043513298
-0.2059832513332367
-0.1792670041322708
-0.26036977767944336
-0.20048069953918457
-0.14130006730556488
-0.1188720166683197
-0.35246744751930237
-0.355619341135025
-0.2516695261001587
-0.15823686122894287
-0.20887894928455353
-0.23497068881988525
-0.13144059479236603
-0.1740158349275589
-0.31010374426841736
-0.33221882581710815
-0.03997495770454407
-0.18719908595085144
-0.23950959742069244
-0.3698999285697937
-0.23506514728069305
-0.11371678858995438
-0.21323680877685547
-0.2579702138900757
-0.08938948065042496
0.1608770489692688
0.1958388090133667
0.022102918475866318
0.3947030305862427
0.05123430863022804
-0.007371101528406143
0.0070961154997348785
0.12731295824050903
0.25344744324684143
0.03376205638051033
0.1783653050661087
0.3356361985206604
0.36318710446357727
-0.059711966663599014
0.044840212911367416
0.22173359990119934
0.16750775277614594
0.1636079102754593
0.31534162163734436
0.439870685338974
0.4651247560977936
0.26466238498687744
0.19830620288848877
-0.013070795685052872
0.02609216794371605
-0.16312916576862335
-0.32500553131103516
-0.08303576707839966
0.0060065872967243195
-0.1720501184463501
0.18399810791015625
0.10328730940818787
-0.48554477095603943
-0.11527429521083832
-0.01853109523653984
-0.06782615184783936
-0.2035316824913025
-0.24323223531246185
-0.07683741301298141
-0.301690012216568
-0.6198841333389282
-0.2770957052707672
-0.22780942916870117
-0.21627840399742126
-0.32517731189727783
-0.20957733690738678
-0.02643279731273651
0.21017047762870789
0.1962706446647644
0.10009723901748657
0.24970555305480957
0.15346643328666687
0.25816959142684937
0.04172353819012642
0.1893993616104126
0.019215945154428482
0.10177966952323914
0.11188004910945892
0.32439538836479187
0.29138821363449097
0.1867522895336151
0.13151659071445465
-0.07308903336524963
0.09882815182209015
0.015255104750394821
0.17129658162593842
0.016319628804922104
0.24602201581001282
0.0986567884683609
-0.0001814514398574829
0.08407655358314514
0.0928855687379837
0.10376210510730743
0.1742670238018036
0.2893458604812622
-0.25270262360572815
-0.1570349931716919
-0.3333919942378998
-0.2071409523487091
-0.1936553716659546
0.07908275723457336
-0.04933005943894386
-0.1725480705499649
-0.1848737597465515
-0.13356664776802063
-0.142374649643898
-0.15305960178375244
-0.0671413242816925
-0.14788320660591125
-0.19233550131320953
-0.21753676235675812
-0.2116519808769226
-0.1832793802022934
0.14522027969360352
0.03245573863387108
-0.1828698217868805
-0.15890109539031982
-0.4191192090511322
-0.43912068009376526
-0.33554568886756897
-0.07735292613506317
-0.1293400377035141
-0.34712880849838257
-0.20024649798870087
-0.407756507396698
-0.06630910933017731
-0.1181851327419281
-0.07431380450725555
-0.11501872539520264
-0.08383841812610626
-0.05895121023058891
-0.253721684217453
0.06957659125328064
-0.10047027468681335
-0.20114368200302124
0.08419741690158844
-0.002752412110567093
-0.09067027270793915
-0.12474264204502106
-0.13670170307159424
-0.1403951346874237
-0.0701393187046051
-0.2198524922132492
-0.13782739639282227
-0.17116017639636993
-0.14233823120594025
-0.3742096424102783
-0.1503380984067917
-0.3052404224872589
-0.1713116466999054
-0.27144816517829895
-0.20992033183574677
-0.22521227598190308
-0.27722498774528503
-0.41046008467674255
-0.2271338850259781
-0.3843887150287628
-0.31960591673851013
-0.3987939953804016
-0.4127295911312103
-0.21172524988651276
0.06184523180127144
-0.16889448463916779
0.006003271788358688
-0.07535958290100098
-0.21101398766040802
-0.07051970064640045
-0.028809495270252228
-0.22033852338790894
-0.19580255448818207
0.1994805634021759
-0.15804535150527954
0.09782052040100098
-0.00388297438621521
-0.2738505005836487
-0.34584373235702515
-0.0597706101834774
-0.07597440481185913
-0.11545321345329285
-0.12901778519153595
-0.29927173256874084
-0.14311455190181732
-0.12376098334789276
0.007096279412508011
0.05848182365298271
0.020744357258081436
-0.11204458773136139
-0.25428661704063416
-0.10613347589969635
-0.16477903723716736
-0.08960379660129547
0.13833868503570557
0.04338124766945839
0.09049662947654724
0.14538446068763733
-0.48866936564445496
-0.40392860770225525
-0.44795846939086914
-0.5483051538467407
-0.6829612255096436
-0.6050446033477783
-0.34035804867744446
-0.3234163224697113
-0.3329469859600067
-0.38177651166915894
-0.2596170902252197
-0.2640368640422821
-0.33314013481140137
-0.37318840622901917
-0.3677833080291748
-0.26707249879837036
-0.3159554898738861
-0.16287928819656372
-0.09103931486606598
-0.35623493790626526
-0.41143226623535156
-0.19040673971176147
-0.2800712287425995
-0.3216417729854584
-0.3989563286304474
0.09211024641990662
0.17209240794181824
0.08918549120426178
0.11592546105384827
0.02966785803437233
0.15290117263793945
0.11545532941818237
0.16959387063980103
0.05190568044781685
0.15496477484703064
-0.22098806500434875
-0.21342222392559052
0.11779579520225525
0.044083673506975174
-0.0023646466434001923
-0.0713692307472229
0.014152336865663528
0.18450617790222168
0.1351434290409088
0.23217511177062988
0.24493232369422913
0.3505931496620178
0.21892458200454712
0.19212257862091064
0.009733837097883224
0.05603412166237831
0.09992536902427673
-0.10112741589546204
0.07693077623844147
0.18531492352485657
0.11603739857673645
-0.09816092252731323
0.07193058729171753
0.12123557925224304
0.002558838576078415
0.05783778801560402
-0.10100050270557404
0.02525210753083229
0.27504870295524597
0.0731106549501419
-0.2022750973701477
-0.12539778649806976
0.07831689715385437
0.21059629321098328
-0.09845873713493347
0.009914550930261612
0.19028741121292114
0.08467039465904236
-0.08425118029117584
0.03198153153061867
-0.03816324099898338
-0.20560863614082336
0.08922868967056274
-0.17261439561843872
-0.07971803843975067
-0.09229600429534912
-0.09047400206327438
-0.0917254090309143
0.02041051909327507
0.03186102584004402
0.13765886425971985
-0.023277591913938522
-0.07253014296293259
0.047100331634283066
0.0376647524535656
0.13777345418930054
-0.006973639130592346
-0.13431648910045624
0.04950931295752525
-0.046225421130657196
-0.0960087776184082
0.025150667876005173
-0.1393914371728897
0.10249394178390503
-0.030212093144655228
-0.2966083288192749
-0.2683388590812683
-0.222206711769104
-0.15121693909168243
-0.16687428951263428
-0.2803683280944824
-0.41901594400405884
-0.3641187846660614
-0.4526631236076355
-0.10568760335445404
-0.07074205577373505
-0.16264674067497253
-0.1762823462486267
-0.3808632493019104
-0.3104085922241211
-0.12824569642543793
-0.20887261629104614
0.0763397216796875
-0.09093935787677765
-0.11813326179981232
0.021265622228384018
-0.1771976351737976
-0.26317083835601807
-0.2360997200012207
-0.46192049980163574
0.3305348753929138
0.0868844985961914
-0.21005243062973022
0.05092440918087959
-0.17034873366355896
0.12201738357543945
0.1389831155538559
0.5343530178070068
-0.03788392245769501
-0.024322662502527237
-0.06029728427529335
-0.13198566436767578
0.09758058190345764
0.21217384934425354
-0.07650332152843475
0.09850484132766724
0.0002082623541355133
0.060138579457998276
0.12660638988018036
0.09404730796813965
0.33397895097732544
0.39799588918685913
0.22609731554985046
0.026596825569868088
0.16351839900016785
-0.15383125841617584
-0.209232360124588
-0.07226197421550751
-0.08044068515300751
-0.030474424362182617
0.057189296931028366
-0.06321021169424057
-0.09711845219135284
-0.054358240216970444
-0.07114914059638977
0.015167523175477982
0.035437826067209244
0.01261558011174202
-0.06656333804130554
-0.03927146643400192
-0.17702895402908325
-0.10224883258342743
-0.18075086176395416
-0.07364833354949951
-0.1765722781419754
-0.15392465889453888
-0.040099259465932846
0.16122682392597198
0.167193204164505
-0.014663271605968475
0.10864464938640594
-0.35343626141548157
-0.18833044171333313
-0.1658274233341217
0.01003723219037056
-0.2288123220205307
-0.07673628628253937
-0.053263239562511444
-0.06520426273345947
0.006980028003454208
0.1265869438648224
0.11453865468502045
0.034965429455041885
-0.17653675377368927
-0.08993598073720932
-0.09786306321620941
0.011960458010435104
-0.12685169279575348
-0.30144160985946655
0.023294035345315933
-0.05523403361439705
-0.1056290939450264
-0.3083598017692566
-0.6217507719993591
-0.2028900384902954
0.020121600478887558
-0.031239142641425133
-0.1604524701833725
-0.10567876696586609
-0.153911754488945
0.008825283497571945
-0.07952386140823364
0.018435928970575333
-0.09609527885913849
-0.08956269919872284
-0.15492933988571167
-0.12745219469070435
-0.1644120216369629
-0.0044812895357608795
-0.005206335335969925
0.026822518557310104
-0.12673373520374298
-0.0009524784982204437
-0.07009121775627136
0.04588407650589943
0.19469130039215088
-0.07323500514030457
-0.11036419868469238
-0.04054687172174454
-0.024556919932365417
0.05979558452963829
-0.11274184286594391
-0.2268192172050476
-0.10175671428442001
0.045392345637083054
-0.14258110523223877
0.12529918551445007
9.103864431381226e-05
-0.2809477150440216
-0.2844322621822357
-0.13732311129570007
-0.02421531453728676
-0.16360680758953094
0.1330925077199936
-0.09875692427158356
-0.01796654239296913
0.015264753252267838
-0.06835675239562988
-0.261040061712265
-0.2046903818845749
-0.056454721838235855
0.05107160285115242
0.03282501921057701
-0.2920207679271698
0.12658458948135376
-0.08704039454460144
0.0594404973089695
-0.10025857388973236
-0.05476493015885353
-0.0865657776594162
-0.06757204234600067
-0.1779899299144745
-0.29251667857170105
-0.2025333046913147
-0.19846248626708984
-0.17717291414737701
-0.08918575942516327
0.019222844392061234
0.0582636259496212
-0.08929659426212311
-0.06545945256948471
0.008406821638345718
0.2229049801826477
-0.09697383642196655
0.010368693619966507
-0.10395756363868713
0.05941540375351906
-0.03679272532463074
-0.16170194745063782
-0.4476289451122284
-0.2620725631713867
-0.2157566100358963
-0.3961438238620758
-0.3065889775753021
-0.4606654942035675
-0.1077585220336914
-0.12388738989830017
-0.18986091017723083
-0.14730603992938995
-0.351167231798172
-0.27302125096321106
-0.12451651692390442
-0.312101811170578
-0.3418230712413788
-0.20775523781776428
-0.20844623446464539
-0.3694867789745331
-0.06209926679730415
-0.06350523233413696
-0.23751439154148102
-0.22555787861347198
-0.1680813878774643
-0.2537301480770111
-0.27598732709884644
-0.48394861817359924
-0.1024433970451355
0.003259669989347458
-0.22868531942367554
-0.3738270103931427
-0.03948996588587761
-0.04311782121658325
0.0012767501175403595
-0.10155631601810455
-0.09053394198417664
-0.06770345568656921
-0.09511822462081909
-0.1331852227449417
-0.10144868493080139
-0.16221964359283447
-0.23989449441432953
-0.055814195424318314
-0.2550369203090668
-0.14436845481395721
-0.20486022531986237
-0.15872664749622345
-0.23632696270942688
-0.30551427602767944
-0.1251753717660904
-0.3818052113056183
-0.21615596115589142
-0.005700539797544479
-0.1870102435350418
-0.042618874460458755
-0.09991735219955444
-0.30414748191833496
-0.2086750864982605
-0.15061058104038239
-0.26805147528648376
-0.2418270707130432
-0.164101704955101
-0.1010163277387619
-0.1759009063243866
-0.10246855020523071
-0.13453978300094604
-0.036478690803050995
-0.07794345915317535
0.04286070540547371
0.11149221658706665
-0.025431867688894272
-0.10966919362545013
0.10980582237243652
-0.0912756621837616
-0.0991479754447937
0.1335950493812561
-0.08390785753726959
0.015351023524999619
-0.1131548136472702
-0.15343685448169708
-0.06375029683113098
0.0454748161137104
-0.06284970045089722
-0.07628421485424042
-0.0014247708022594452
-0.04942828789353371
-0.04825631156563759
-0.026142138987779617
-0.1425458788871765
0.058936554938554764
0.0034517012536525726
0.19552147388458252
0.012256938964128494
0.048179443925619125
0.04019670560956001
0.042901698499917984
-0.12001752853393555
0.23546168208122253
-0.04135517403483391
-0.07288506627082825
0.04858741536736488
-0.0835837721824646
0.43349015712738037
-0.061331607401371
0.10160557925701141
0.27019602060317993
0.27120235562324524
-0.04825282469391823
0.16268104314804077
0.12132608890533447
0.3705313205718994
0.18834128975868225
0.17801052331924438
0.2550121247768402
0.10600441694259644
0.08030211925506592
0.16834300756454468
0.31328579783439636
0.32084110379219055
0.246619313955307
0.1577446162700653
0.33122751116752625
0.18017834424972534
0.3110945224761963
0.025330472737550735
0.21019640564918518
0.3099654018878937
-0.05353805795311928
-0.14192961156368256
-0.13495436310768127
-0.19946923851966858
-0.12526220083236694
-0.18523898720741272
-0.25706616044044495
-0.1784558743238449
0.11260780692100525
-0.2973020374774933
-0.10735777020454407
-0.14164172112941742
0.09846505522727966
-0.32599779963493347
-0.2304464429616928
-0.20042236149311066
0.07552611827850342
-0.29831087589263916
-0.22776511311531067
-0.10971236228942871
-0.20434388518333435
-0.0371873565018177
-0.06576837599277496
-0.17100800573825836
0.11641120910644531
0.13011661171913147
-0.1230032816529274
-0.03023267537355423
0.340792179107666
-0.08644130825996399
-0.12252862751483917
-0.10038624703884125
0.15777239203453064
0.07408492267131805
0.08546099066734314
0.1732018142938614
0.21850669384002686
0.48172977566719055
0.2519533336162567
0.16025587916374207
0.1695973128080368
0.17813383042812347
0.21664950251579285
0.04195833578705788
0.24669089913368225
0.2798856794834137
0.27075403928756714
0.08949510753154755
0.28305041790008545
-0.06792572140693665
