0.041476599872112274
0.15685154497623444
0.036819666624069214
0.10633847862482071
-0.054624542593955994
-0.0013132179155945778
0.10067115724086761
0.10314714163541794
0.014706245623528957
0.05125947296619415
0.022070754319429398
0.07546985149383545
0.06314036250114441
0.08310586959123611
0.10200630873441696
-0.030250992625951767
-0.11851133406162262
0.0549953319132328
0.05409140884876251
0.04130476713180542
0.02694646641612053
-0.024690836668014526
-0.015169956721365452
0.1709727942943573
-0.028529219329357147
0.09871542453765869
0.08832491934299469
0.06488223373889923
0.06867764890193939
0.1454218477010727
0.0889710858464241
-0.03813798725605011
0.08507196605205536
0.02531367540359497
0.02168457955121994
0.01304978784173727
0.1469137817621231
0.04128517583012581
0.0725189670920372
0.13594941794872284
0.07791412621736526
0.13363352417945862
0.08066122233867645
0.11384934186935425
0.019215859472751617
-0.004029613919556141
0.08035658299922943
0.08201513439416885
0.06444472819566727
0.058619871735572815
0.032574303448200226
0.10993988811969757
0.13557423651218414
0.048776086419820786
0.03696829825639725
0.051345255225896835
0.10495206713676453
0.06244519352912903
0.08659911900758743
0.07436995208263397
0.12456591427326202
0.033990535885095596
-0.19777582585811615
-0.004600786603987217
0.0338200218975544
0.05249498784542084
0.11240093410015106
-0.014731098897755146
0.06521463394165039
0.0446305051445961
0.15930162370204926
0.10582317411899567
0.11455263942480087
0.11118216067552567
0.1404321938753128
0.07862773537635803
0.014012116007506847
0.14234231412410736
0.1318373680114746
0.09005578607320786
0.07352223247289658
0.0227309912443161
0.07279782742261887
0.04832250624895096
0.09393532574176788
0.04240775853395462
0.04234893620014191
0.05459441989660263
0.13714881241321564
0.045818015933036804
0.11066567897796631
0.03030703216791153
0.07885144650936127
0.05882285535335541
0.07007066160440445
0.07952870428562164
0.08382678031921387
0.08387711644172668
0.004908337257802486
0.07071756571531296
0.04424479976296425
-0.08620155602693558
0.06581191718578339
-0.04229903221130371
0.1974000185728073
-0.00199142936617136
0.1251678168773651
0.09488862752914429
0.06336793303489685
0.025769241154193878
0.055449917912483215
0.04055345803499222
0.05532478913664818
0.07628464698791504
0.11223981529474258
0.015700150281190872
0.07116691023111343
-0.0175991952419281
-0.03893732652068138
0.09171079844236374
0.04549940675497055
-0.037301547825336456
0.001099265180528164
-0.07467926293611526
0.0013729361817240715
0.05279430001974106
0.07719287276268005
0.10283654183149338
0.02840408682823181
0.00740667711943388
0.048454802483320236
0.021460961550474167
-0.06882371008396149
0.02526019886136055
0.09528256952762604
0.010203554295003414
0.1819523572921753
0.003217550925910473
0.22477297484874725
0.05234898626804352
-0.03644269332289696
0.11870380491018295
0.11961296945810318
0.07676541805267334
0.08464622497558594
0.04713454097509384
0.18738816678524017
0.08900254219770432
0.08063472807407379
-0.0036834189668297768
-0.054158344864845276
-0.06415688246488571
0.1481853723526001
-0.0007738480344414711
0.04137430340051651
0.07721621543169022
0.0974777340888977
0.09164418280124664
0.07197929918766022
0.008686541579663754
0.15143099427223206
-0.0504029355943203
-0.0025677578523755074
0.1716509312391281
0.08849222958087921
0.09435205161571503
0.12010639160871506
0.0651853084564209
0.0988660380244255
0.06285270303487778
0.05969976261258125
0.044248491525650024
0.10560792684555054
-0.021993346512317657
0.06367286294698715
0.021760843694210052
0.16732199490070343
0.051992759108543396
-0.016148895025253296
0.062175847589969635
0.06895993649959564
-0.08249451220035553
-0.04507548362016678
0.026385322213172913
0.014129995368421078
0.019119732081890106
0.0596037358045578
0.11064799129962921
0.10674125701189041
0.17209391295909882
-0.08836770057678223
-0.000569918192923069
0.06310940533876419
0.1262374222278595
0.13878117501735687
0.13964207470417023
0.12698867917060852
0.00872295256704092
0.09950041770935059
0.07160015404224396
0.013240898959338665
0.0337473601102829
0.08746784180402756
0.01850081980228424
0.10693973302841187
0.08783121407032013
-0.021925125271081924
-0.079948790371418
0.10666243731975555
0.022600799798965454
0.08448503911495209
0.04534095525741577
-0.06730150431394577
0.03355199098587036
0.0942947193980217
0.029896486550569534
0.039389725774526596
0.06612052023410797
0.030361510813236237
-0.01399093959480524
0.1027146428823471
-0.017532631754875183
0.1068989634513855
0.0607585608959198
0.05085870996117592
-0.004600119777023792
0.0758797824382782
-0.06100349873304367
0.04561086371541023
0.11389242112636566
0.09817078709602356
0.09237198531627655
-0.038428809493780136
0.11820466816425323
0.13354292511940002
0.09487989544868469
-0.031818937510252
-0.003808063454926014
0.06435578316450119
0.1463637799024582
0.09672357141971588
0.22942805290222168
-0.00039269495755434036
0.0648888424038887
0.14670127630233765
0.16566959023475647
0.054102253168821335
0.06579766422510147
0.13961729407310486
-0.01932162418961525
0.1519348919391632
-0.0195460207760334
0.0655328705906868
0.005100472830235958
-0.06761408597230911
-0.03420555591583252
-0.005197511054575443
-0.12648029625415802
0.030783340334892273
0.06721550226211548
0.044835738837718964
0.011911063455045223
0.05659894645214081
0.025010548532009125
0.014369121752679348
-0.04434292018413544
0.031604520976543427
0.04309529811143875
0.08160225301980972
0.032686781138181686
0.16155791282653809
0.08257397264242172
0.0894869938492775
0.04062957316637039
0.04816722869873047
0.017272397875785828
0.049131788313388824
0.08145871013402939
0.11619740724563599
0.16543851792812347
0.04503472149372101
0.03642800450325012
0.09837166219949722
0.03049437701702118
0.07894989848136902
0.1076558455824852
0.004605761729180813
0.08283950388431549
0.10535607486963272
0.01390374731272459
0.08429734408855438
0.07897080481052399
-0.007277020253241062
0.06376887857913971
0.10433708131313324
0.06920754909515381
0.07197403907775879
0.199922576546669
0.1132754385471344
-0.04041913524270058
-0.0210360549390316
0.05255290865898132
0.0745951309800148
0.12381015717983246
0.024187147617340088
-0.06989915668964386
0.11499341577291489
0.05089465528726578
0.10829314589500427
-0.06945796310901642
0.034962572157382965
0.12667740881443024
0.1801086962223053
0.105335533618927
-0.017235662788152695
0.040504153817892075
0.1195106953382492
0.15706433355808258
0.055479325354099274
0.016129814088344574
0.06178111210465431
0.11530474573373795
-0.003091231919825077
0.03920930624008179
-0.007136617787182331
0.060967329889535904
0.09322286397218704
0.15306834876537323
0.035367660224437714
-0.030539728701114655
0.10528663545846939
0.09853168576955795
0.11226822435855865
0.016086656600236893
-0.07213053107261658
0.04923474043607712
0.2421271651983261
0.15147589147090912
0.16515253484249115
-0.05154518038034439
0.044907450675964355
0.10220018774271011
0.02932889014482498
0.03955777734518051
0.22923220694065094
0.027676455676555634
-0.04532919079065323
0.03358842432498932
0.0870017260313034
0.06470567733049393
-0.05401775240898132
0.04013949632644653
0.17171142995357513
0.1595153510570526
0.11131098866462708
0.1436222344636917
0.10603093355894089
0.026673845946788788
0.0586375892162323
0.14141802489757538
0.039785236120224
0.1314949244260788
0.042797353118658066
0.06968461722135544
0.08948624134063721
0.011605887673795223
0.09973032772541046
0.03129807859659195
0.12935763597488403
0.011136665008962154
0.04673033952713013
-0.08873945474624634
-0.012038645334541798
0.12254703789949417
0.06384168565273285
0.02148646116256714
0.14975492656230927
-0.0015958817675709724
0.01824498176574707
-0.05896015465259552
0.09911151975393295
0.09186916798353195
0.13525080680847168
0.012757628224790096
0.041089825332164764
0.07236182689666748
0.17221520841121674
-0.08382291346788406
0.09312532097101212
0.041232433170080185
0.10436184704303741
0.08424808830022812
0.07692543417215347
0.10110257565975189
0.04543204978108406
0.0953720211982727
0.09402573108673096
0.07546091824769974
0.03025192767381668
0.1328616738319397
0.013890466652810574
0.036131929606199265
0.14578886330127716
0.00831644143909216
0.031362198293209076
0.013697064481675625
0.08254317939281464
0.1340843141078949
-0.007647686637938023
0.1286132037639618
0.14073602855205536
0.03237304091453552
0.019855383783578873
-0.01499107200652361
0.0011933213099837303
-0.015423544682562351
0.05570029467344284
0.03145701810717583
0.06564147025346756
-0.05562928318977356
0.07597526907920837
0.04812950640916824
0.04172709584236145
0.06937295943498611
0.062231361865997314
0.0030898405238986015
0.21670778095722198
0.0764487013220787
0.014540105126798153
0.09354636073112488
0.13122881948947906
0.17953979969024658
0.05201375484466553
0.0022889142856001854
-0.037341419607400894
0.03438912332057953
0.009248870424926281
0.0846889317035675
0.0746670588850975
0.034677907824516296
-0.01498077530413866
0.03322482854127884
0.10074330866336823
0.12211059778928757
0.043793320655822754
0.03174392133951187
0.04573122411966324
0.1239975169301033
0.071342833340168
-0.005266112275421619
-0.033568017184734344
0.11643914133310318
0.016060292720794678
0.01907680183649063
0.0019407635554671288
-0.025070849806070328
0.027846205979585648
0.100274957716465
0.07264452427625656
0.10581990331411362
0.06651560962200165
0.10519429296255112
-0.002025359310209751
-0.03374705836176872
0.17271144688129425
-0.03458600863814354
0.018674150109291077
0.12055604159832001
-0.046342384070158005
0.14285674691200256
0.025541558861732483
0.18124495446681976
-0.06932924687862396
-0.05100634694099426
0.0929354876279831
0.04599204659461975
-0.04891737923026085
-0.041991423815488815
0.1818356215953827
0.040875546634197235
-0.023352108895778656
0.10718710720539093
0.1255977302789688
0.0558745414018631
-0.0012059109285473824
0.031585611402988434
0.08171384036540985
0.06277643144130707
0.07933499664068222
0.03750407695770264
0.13247926533222198
0.07059448957443237
0.08926624804735184
0.09958715736865997
0.11866536736488342
0.04569186270236969
0.059317830950021744
0.10110408067703247
-0.020680248737335205
-0.03603985160589218
-0.05323612689971924
0.058619771152734756
0.021603740751743317
-0.01811741665005684
0.05220983177423477
0.05441048741340637
0.04529687762260437
-0.0008884565904736519
-0.012796894647181034
0.03699075058102608
0.023862324655056
0.1162080466747284
0.08430370688438416
0.09373903274536133
0.12330906838178635
0.13476333022117615
-0.04074329882860184
0.10830707848072052
-0.070451520383358
0.03840310126543045
0.08537758886814117
0.10806074738502502
0.14950604736804962
0.059322357177734375
-0.04359718784689903
-0.0712016373872757
0.06628625839948654
0.11569713801145554
0.0812988430261612
0.060675185173749924
-0.06446695327758789
-0.0594673827290535
0.04405045881867409
-0.012847189791500568
0.12185879796743393
-0.07761576026678085
0.10192521661520004
0.022246047854423523
-0.016529515385627747
0.1357797086238861
0.04333323985338211
0.08248505741357803
0.06711670756340027
0.08424977958202362
0.07614140212535858
0.07857316732406616
0.12765827775001526
0.10297103226184845
0.0186452753841877
0.0651480108499527
0.046965934336185455
0.07092182338237762
0.14761890470981598
0.03930743783712387
-0.07412439584732056
0.09508536756038666
0.021897900849580765
0.13412411510944366
0.038733892142772675
0.10164327174425125
0.015178016386926174
0.005817065946757793
0.07125769555568695
0.006963065825402737
-0.07318080961704254
0.13731203973293304
0.06446356326341629
0.14001531898975372
0.038793064653873444
0.05491708219051361
0.060070671141147614
-0.008454670198261738
0.15221816301345825
-0.04688400775194168
0.13338428735733032
0.24937380850315094
0.028879880905151367
-0.015010678209364414
0.11810361593961716
0.08898910135030746
-0.015049953944981098
-0.11682046949863434
0.07615310698747635
0.03664202243089676
0.07460703700780869
0.2113383412361145
0.004625218920409679
0.09066806733608246
0.08503630757331848
0.04624930024147034
0.09184445440769196
-0.03039037063717842
0.09231943637132645
0.014056316576898098
0.04679427295923233
0.05448564887046814
0.06871309876441956
0.10902974009513855
0.11919066309928894
0.000254250131547451
-0.007552050985395908
0.07315358519554138
0.025476068258285522
-0.008546710945665836
0.06378701329231262
0.14075526595115662
0.09456691890954971
0.06034105643630028
0.11092045903205872
-0.0016210125759243965
0.14239193499088287
0.10712248086929321
0.09524408727884293
0.037826091051101685
0.032152920961380005
0.09809770435094833
0.09072628617286682
0.009825128130614758
0.11120100319385529
0.04686800390481949
-0.012718216516077518
-0.03161384165287018
0.174037367105484
0.032243676483631134
0.049977533519268036
0.06085554137825966
-0.01284260768443346
0.037508606910705566
0.05918816477060318
0.24239419400691986
0.025129936635494232
-0.013632898218929768
0.015539883635938168
0.1241542398929596
-0.04958000406622887
0.14367170631885529
-0.058491870760917664
0.10437946021556854
0.14996401965618134
-0.014558379538357258
0.09759017825126648
0.05731082707643509
0.13945122063159943
-0.0749497339129448
0.08676160871982574
0.04092417284846306
-0.006838646717369556
0.12792378664016724
-0.029323279857635498
0.09830008447170258
0.08328867703676224
0.10951420664787292
0.1306072473526001
-0.037939198315143585
0.01588333398103714
0.04800264537334442
-0.011851617135107517
-0.08827322721481323
0.07035801559686661
0.13231974840164185
-0.0053640203550457954
0.053818993270397186
0.0738721489906311
0.0013084029778838158
0.07093144953250885
-0.011083954013884068
0.07759356498718262
0.1342230588197708
0.09977322071790695
-0.008483425714075565
0.014956052415072918
-0.009867743588984013
0.029841382056474686
0.09307418763637543
0.007873780094087124
0.12105406820774078
0.15031011402606964
-0.001658719964325428
-0.021108105778694153
0.11864933371543884
0.08311436325311661
0.13339154422283173
0.07777731865644455
0.15365003049373627
0.027688153088092804
0.10532201826572418
0.24401426315307617
0.12669992446899414
-0.011969299055635929
0.03400897979736328
-0.006588716991245747
0.02256939560174942
0.14406974613666534
0.13199684023857117
0.1180916354060173
-0.0488404780626297
0.07731804996728897
-0.00015267077833414078
-0.03365277126431465
0.0729992613196373
0.0627976581454277
-0.02930574119091034
0.10017278790473938
-0.0442579947412014
-0.01855507493019104
0.030505776405334473
0.10208472609519958
0.031975723803043365
-0.0008755931630730629
0.07534441351890564
-0.01206896174699068
0.06152170151472092
-0.09328795224428177
0.13310997188091278
0.13269858062267303
-0.015214850194752216
-0.096164271235466
0.0973539799451828
0.1043672263622284
0.06063438206911087
0.08926180005073547
0.014353803358972073
0.05817065387964249
0.10006716847419739
0.14670759439468384
0.046832047402858734
-0.01170187909156084
0.043946631252765656
0.07015439867973328
0.05819544568657875
0.11392848938703537
0.0432402640581131
0.05789633467793465
-0.006729953922331333
0.04099405184388161
0.17892548441886902
0.04235663264989853
0.10396642982959747
-0.023619458079338074
0.024037137627601624
0.05803895741701126
-0.10077698528766632
0.1836656779050827
0.0247027687728405
0.07502686977386475
-0.11794126033782959
0.020619161427021027
0.06689499318599701
0.13243979215621948
0.12824130058288574
0.07922212779521942
0.07274379581212997
0.033997759222984314
0.04086581617593765
0.0850575864315033
0.06791386753320694
0.03949270397424698
0.08078166842460632
0.08541850745677948
0.10524561256170273
0.12360250949859619
-0.06506183743476868
0.14084529876708984
-0.007934932596981525
0.06977356225252151
-0.024945393204689026
-0.06828851997852325
-0.0004094252362847328
0.029458925127983093
0.17692303657531738
0.1171473041176796
0.04134155809879303
0.061368875205516815
0.05692857503890991
0.13067322969436646
0.11534345895051956
0.005116659216582775
0.09491796791553497
0.14111340045928955
-0.01181181613355875
0.06390436738729477
0.020637303590774536
0.04817043989896774
0.03844328969717026
0.16451939940452576
-0.003544227220118046
0.05266343429684639
-0.01336208451539278
0.07996495068073273
-0.04916545748710632
0.07856982946395874
0.061751559376716614
0.05952129513025284
0.052409812808036804
0.031238511204719543
0.08089064061641693
0.031711019575595856
0.1493876874446869
0.17549507319927216
0.008501819334924221
0.04523686319589615
0.046874839812517166
0.017251890152692795
-0.04409918934106827
0.006142686121165752
0.1148928850889206
0.0897270068526268
-0.005242534913122654
0.17176352441310883
-0.00035327766090631485
0.09515111148357391
0.054626740515232086
0.016818180680274963
0.10238485038280487
-0.008176454342901707
-0.02576727420091629
0.17636941373348236
0.10593075305223465
0.07500728964805603
0.16590149700641632
-0.013726809062063694
0.11735279858112335
0.1427122950553894
-0.007167891599237919
0.031454429030418396
0.08434409648180008
0.06948468089103699
0.1270689219236374
0.2003549486398697
0.06500384956598282
0.0660003125667572
0.07981450110673904
-0.010841981507837772
-0.03445059806108475
0.03855644538998604
0.07914148271083832
0.0156741663813591
0.025758370757102966
0.08895480632781982
0.00640506949275732
0.07889863848686218
0.07067177444696426
0.06568864732980728
0.0660763829946518
0.010736501775681973
0.06870348751544952
0.043467968702316284
0.08200129121541977
0.03898756951093674
0.16701053082942963
0.04867676645517349
-0.001807049848139286
0.12993669509887695
0.07827392965555191
0.018350355327129364
0.0696820318698883
0.025279022753238678
0.07100539654493332
0.06380794942378998
-0.00280704814940691
0.1234092265367508
0.07654070109128952
0.09685344994068146
-0.04083384945988655
0.044616781175136566
-0.027940943837165833
0.13979510962963104
0.08020062744617462
0.12542526423931122
0.13585038483142853
0.09690336138010025
0.04911183938384056
0.09289558231830597
0.010529077611863613
0.21580101549625397
0.13520658016204834
-0.07082996517419815
0.2596878707408905
0.22907830774784088
0.09273505210876465
-0.13853783905506134
0.03341586887836456
0.0714951902627945
0.24658441543579102
-0.017152924090623856
-0.013602920807898045
0.02610790729522705
0.01306771021336317
0.06995750963687897
0.07966882735490799
0.09345267713069916
-0.026702962815761566
0.0047964295372366905
0.09769870340824127
0.1690208911895752
-0.067191481590271
0.056138843297958374
-0.021350566297769547
0.025809772312641144
0.028443150222301483
-0.0332302451133728
0.05753275007009506
0.12988463044166565
-0.03790352866053581
-0.004216582514345646
0.016169652342796326
-0.02483050525188446
0.05266115814447403
-0.01735926792025566
-0.031799785792827606
0.09358804672956467
0.11479532718658447
0.015020712278783321
0.051171302795410156
0.05751904472708702
0.08829133957624435
0.22551597654819489
0.20039521157741547
-0.009167627431452274
0.15853452682495117
0.05263733118772507
0.03593410179018974
0.14382369816303253
0.10400359332561493
0.007048829458653927
0.115397609770298
0.007839987985789776
-0.002138354815542698
0.06575509160757065
0.06012590974569321
0.020223621279001236
0.1343994140625
0.029654614627361298
0.03503666818141937
-0.04784686863422394
0.01998535543680191
0.024391446262598038
0.02351132035255432
0.09848034381866455
-0.10550861060619354
0.06504359096288681
0.01433549728244543
0.1217695102095604
-0.036246731877326965
0.0816352367401123
0.0750456303358078
0.10334126651287079
0.04882895573973656
0.034233883023262024
0.12656055390834808
0.044718191027641296
0.05751270428299904
0.16160093247890472
0.048316217958927155
0.06303432583808899
0.1305806040763855
0.09526790678501129
0.026318877935409546
0.031309813261032104
0.09757592529058456
0.09501105546951294
-0.05017310380935669
0.11724531650543213
-0.0073168957605957985
-0.01523593906313181
-0.0071382345631718636
0.0576205775141716
-0.0026837261393666267
0.0003006858751177788
0.10670006275177002
0.12447374314069748
0.011261521838605404
0.019644010812044144
0.04051749408245087
-0.05968903750181198
0.06922273337841034
-0.08014988899230957
0.06660833209753036
0.1526205837726593
-0.03549525514245033
0.054528772830963135
0.004192306660115719
0.09827260673046112
0.048291996121406555
0.07982782274484634
0.10440932214260101
0.034998275339603424
0.04424774646759033
0.09857004135847092
0.061657801270484924
-0.003258124925196171
-0.005318109877407551
0.08159783482551575
0.036814674735069275
0.05765502527356148
0.01570707932114601
0.009723438881337643
-0.01222237292677164
0.08637972176074982
0.10966187715530396
