0.11319536715745926
0.2649345397949219
0.039856042712926865
0.23486988246440887
-0.0925753265619278
0.041005928069353104
0.2250746488571167
0.20484444499015808
0.034212421625852585
0.11510670185089111
0.028232455253601074
0.06494726240634918
0.12710532546043396
0.1790875494480133
0.190714493393898
-0.05494621396064758
-0.19698795676231384
0.05660665035247803
-0.015965551137924194
0.043680623173713684
0.056359291076660156
-0.10721760988235474
-0.060235217213630676
0.2637924551963806
0.012537936680018902
0.20213404297828674
0.18247930705547333
0.08941973745822906
0.10611794888973236
0.25349634885787964
0.05158022418618202
-0.07244563847780228
0.14033998548984528
0.006874128244817257
0.14966808259487152
-0.06299144774675369
0.1614077389240265
-0.027467966079711914
0.06809025257825851
0.2794242799282074
0.1465410739183426
0.20358653366565704
0.176191508769989
0.17668528854846954
-0.04175839573144913
-0.03526517003774643
0.11294344812631607
0.12781451642513275
0.15362083911895752
0.10062424838542938
0.02100149542093277
0.2654406726360321
0.20210719108581543
0.09525544196367264
0.056570809334516525
0.06753287464380264
0.13450804352760315
0.09109880030155182
0.2359614372253418
0.1928190141916275
0.09457653015851974
0.011117993853986263
-0.45143285393714905
-0.04669453203678131
0.09135644882917404
0.07159339636564255
0.14199566841125488
0.02091546356678009
0.0904853418469429
0.11565428227186203
0.2197282463312149
0.2500379681587219
0.2297472208738327
0.2583528161048889
0.1798233687877655
0.16098396480083466
-0.05408598482608795
0.25047752261161804
0.21132998168468475
0.11879193037748337
0.17434199154376984
0.006804860197007656
0.0930599719285965
0.12491931766271591
0.16815006732940674
-0.006418372504413128
0.11672868579626083
0.14035160839557648
0.05224566161632538
0.040292900055646896
0.18765676021575928
0.03205898776650429
0.21626244485378265
0.10206982493400574
0.16171465814113617
0.1541755050420761
0.13335363566875458
0.19046074151992798
-0.018102645874023438
0.14963987469673157
-0.015614706091582775
-0.1099577322602272
0.14012053608894348
-0.018483884632587433
0.23351630568504333
0.016471315175294876
0.19888752698898315
0.10323762148618698
0.26623040437698364
0.08361271768808365
0.06274741142988205
0.08293359726667404
-0.016856417059898376
0.15920114517211914
0.15771877765655518
0.05948331952095032
0.1368909329175949
-0.10627342015504837
-0.06534542143344879
0.1613183170557022
0.10350141674280167
-0.07471879571676254
0.01451178640127182
-0.10801025480031967
-0.030758116394281387
0.050952184945344925
0.1708916574716568
0.1516111046075821
0.04038092494010925
0.04501502588391304
0.07407554984092712
0.19796115159988403
-0.10442561656236649
0.073485367000103
0.2554141879081726
0.01695195399224758
0.28394031524658203
0.07746710628271103
0.3115459680557251
0.12735503911972046
-0.03759201616048813
0.24042922258377075
0.20963920652866364
0.1197889968752861
0.21486541628837585
0.09631029516458511
0.20656700432300568
0.1631002277135849
0.15784920752048492
-0.07255581021308899
-0.10778777301311493
-0.1020646020770073
0.16791783273220062
-0.06568650156259537
0.08149651437997818
0.18262822926044464
0.17214062809944153
0.1916361004114151
0.13162650167942047
0.03468973562121391
0.1346156746149063
-0.07467363774776459
-0.02968756854534149
0.21331092715263367
0.03911028429865837
0.11749245971441269
0.1660785973072052
0.12574376165866852
0.18351183831691742
0.08494225144386292
0.07882864773273468
0.007753572426736355
0.23234952986240387
-0.07986060529947281
0.13681542873382568
0.021460408344864845
0.23505358397960663
0.07561232894659042
0.023745428770780563
0.1141800507903099
0.10679350048303604
-0.1222807988524437
-0.07490725070238113
-0.007398773916065693
0.01575835421681404
0.05395615100860596
0.08645465224981308
0.26701539754867554
0.04547737166285515
0.31607699394226074
-0.09207578748464584
-0.03571067750453949
0.12301728129386902
0.19118650257587433
0.33838191628456116
0.1980040967464447
0.26192981004714966
-0.045343104749917984
0.21680007874965668
0.17750631272792816
0.04518899694085121
0.05627462640404701
0.08286487311124802
-0.002082305960357189
0.18981154263019562
0.157504603266716
-0.1265840232372284
-0.18145745992660522
0.1875644475221634
-0.010057852603495121
0.16276998817920685
0.06290842592716217
-0.10629205405712128
0.1333475410938263
0.20441004633903503
0.1891268938779831
-0.050057973712682724
0.02097167819738388
0.0043202899396419525
-0.062142252922058105
0.1445518434047699
-0.030147865414619446
0.2067125290632248
0.08816186338663101
-0.00415919441729784
-0.03762722760438919
0.17200952768325806
-0.08231241255998611
0.029176797717809677
0.22510728240013123
0.032930754125118256
0.14909623563289642
-0.10069658607244492
0.22529654204845428
0.22741176187992096
0.14979739487171173
-0.10752246528863907
0.056074533611536026
0.13439828157424927
0.25013434886932373
0.0672759935259819
0.3122456669807434
-0.035993948578834534
0.07518256455659866
0.19186925888061523
0.23398445546627045
0.14217104017734528
0.1291045844554901
0.1445406824350357
-0.05610465258359909
0.35631063580513
-0.0893043726682663
0.15064336359500885
0.047688186168670654
-0.1268262267112732
-0.09086806327104568
-0.01805334910750389
-0.09665119647979736
0.1012985110282898
0.17789067327976227
0.04723123088479042
0.04726790636777878
0.12235252559185028
-0.12721480429172516
-0.09736181795597076
-0.09732605516910553
0.09255752712488174
0.12075038999319077
0.1548655480146408
0.05478031188249588
0.20543324947357178
0.10735858231782913
0.11400710046291351
0.16124771535396576
0.06644000113010406
-0.05910046398639679
0.09412150830030441
0.08286061137914658
0.1806873232126236
0.26346689462661743
0.08617755025625229
0.05084160715341568
0.13701209425926208
0.09392089396715164
0.10615362226963043
0.09778153151273727
0.02052498236298561
0.1562000811100006
0.1968449205160141
0.08231484144926071
0.2643142640590668
0.18456171452999115
0.09811373054981232
0.15001285076141357
0.1357268989086151
0.12337207794189453
0.04664656147360802
0.30439916253089905
0.20435979962348938
-0.1220584437251091
-0.09425540268421173
0.09709876775741577
0.09827525913715363
0.1372395157814026
-0.021709490567445755
-0.09653347730636597
0.22279900312423706
-0.007351472042500973
0.10579707473516464
-0.1199895516037941
0.11913645267486572
0.13604824244976044
0.21275804936885834
0.09603270888328552
-0.05606372654438019
0.04519244655966759
0.2547729015350342
0.2193014919757843
0.12613816559314728
-0.05682680755853653
0.15911224484443665
0.20952025055885315
0.002569778822362423
0.0873178169131279
0.012133299373090267
0.1938207894563675
0.1455327272415161
0.21418698132038116
0.1576595902442932
-0.10938426107168198
0.20747004449367523
0.1567976325750351
0.2519036531448364
-0.002573862671852112
-0.2443476915359497
0.12885214388370514
0.329090416431427
0.20757946372032166
0.16521146893501282
-0.1268397867679596
0.05186101421713829
0.13893045485019684
-0.038469817489385605
0.12321028858423233
0.3180236518383026
0.06382745504379272
-0.06458433717489243
-0.006220526993274689
0.1555728167295456
0.10394567251205444
-0.09525899589061737
0.0010316255502402782
0.3392980098724365
0.2167293131351471
0.15474140644073486
0.2409706860780716
0.1738806813955307
0.03773978352546692
0.16728416085243225
0.17427292466163635
0.13527138531208038
0.20769253373146057
0.0862523764371872
0.1212741807103157
0.09861989319324493
-0.014853241853415966
0.18787768483161926
0.017272450029850006
0.20805343985557556
-0.08718273043632507
0.12209592759609222
-0.1749417781829834
-0.04595950245857239
0.19437523186206818
0.1291821300983429
-0.07251107692718506
0.23114900290966034
0.0384061373770237
0.02827947586774826
-0.08539857715368271
0.16390466690063477
0.16988375782966614
0.25831010937690735
-0.09659785032272339
0.06362304091453552
0.11878460645675659
0.28893622756004333
-0.08892474323511124
0.17711788415908813
0.1363433450460434
0.10168666392564774
0.11187969893217087
0.09494923055171967
0.1665516346693039
0.10059934109449387
0.13792864978313446
0.1640053689479828
0.11149117350578308
0.054163143038749695
0.20374178886413574
0.008863418363034725
0.05834987759590149
0.22909073531627655
0.021457873284816742
0.024868343025445938
0.04563098028302193
0.127412810921669
0.25840458273887634
0.08901496976613998
0.18339981138706207
0.23097200691699982
-0.026578381657600403
-0.03739963844418526
-0.022203706204891205
-0.0001608063466846943
-0.09828053414821625
0.041838936507701874
0.0691276267170906
0.198950856924057
-0.09294909983873367
0.1444011628627777
0.021066464483737946
0.08065959811210632
0.15766897797584534
0.06481440365314484
-0.03602344170212746
0.2729521691799164
0.08756455034017563
0.0609222948551178
0.20570190250873566
0.09005241096019745
0.2369385063648224
0.09346040338277817
0.029039155691862106
-0.08205218613147736
-0.0068976739421486855
-0.06367648392915726
0.11160759627819061
0.19997979700565338
-0.023425079882144928
-0.06474222242832184
0.021990608423948288
0.24445471167564392
0.07524564862251282
0.03912199288606644
0.00042401161044836044
-0.0843198299407959
0.09131122380495071
0.10261577367782593
0.053997065871953964
-0.08104091137647629
0.1789039522409439
0.001931050792336464
0.06853730976581573
0.0027357740327715874
-0.15067782998085022
0.10357564687728882
0.23517344892024994
0.09238112717866898
0.1286146193742752
0.15288814902305603
0.25261032581329346
0.008562535047531128
-0.056115686893463135
0.2392168790102005
-0.18416251242160797
-0.013761508278548717
0.2604956328868866
-0.11905265599489212
0.25041764974594116
0.07814805209636688
0.27529963850975037
-0.12863685190677643
-0.08309988677501678
0.07237554341554642
-0.03844533488154411
-0.13748681545257568
-0.0972525030374527
0.3146608769893646
0.09127270430326462
-0.07114026695489883
0.1508423238992691
0.2567755877971649
0.03734771907329559
-0.029466040432453156
0.07329770177602768
0.16315843164920807
0.1434205323457718
0.17713117599487305
0.06370444595813751
0.12310341745615005
0.1065046563744545
0.10971803218126297
0.13242699205875397
0.1661815643310547
0.046190641820430756
0.11518954485654831
0.12515246868133545
0.010396313853561878
-0.0679936558008194
-0.05962195247411728
0.056192971765995026
0.11195489764213562
-0.03431657329201698
0.08408237248659134
0.0944933295249939
0.13318893313407898
-0.030217230319976807
-0.11491907387971878
0.07724463194608688
0.16648416221141815
0.12863050401210785
0.17038410902023315
0.04642463102936745
0.1712217777967453
0.2169068157672882
-0.0866192951798439
0.13825653493404388
-0.06223198026418686
0.12486822158098221
0.2100856900215149
0.0906381607055664
0.22747205197811127
0.1717458963394165
0.00570806534960866
-0.09010808914899826
0.06364420056343079
0.19146950542926788
0.12355516850948334
0.10077571868896484
-0.11467800289392471
-0.0755934864282608
0.017201656475663185
-0.08549230545759201
0.2195599526166916
-0.10850024223327637
0.03055490180850029
0.1318218857049942
-0.05533875524997711
0.24205103516578674
0.044993702322244644
0.11591063439846039
0.0816587284207344
0.12786607444286346
0.08242680132389069
0.11542852222919464
0.1772046983242035
0.13173648715019226
0.02361929416656494
0.09222793579101562
0.021898578852415085
0.054925139993429184
0.185045525431633
0.08911047130823135
-0.07433973997831345
0.2022276371717453
0.030934002250432968
0.18534822762012482
0.0840819776058197
0.19145548343658447
0.10986734181642532
-0.04129958152770996
-0.046324796974658966
-0.04005793109536171
-0.17034554481506348
0.23415997624397278
0.05355805531144142
0.20870336890220642
0.06077167019248009
0.1556277722120285
0.1293954700231552
-0.006953191943466663
0.24637193977832794
-0.0894005224108696
0.13287492096424103
0.39374664425849915
-0.006379975005984306
-0.0261317640542984
0.1583927422761917
0.10472331196069717
-0.05678919702768326
-0.09540120512247086
0.1172473281621933
0.026946447789669037
0.014469753950834274
0.285420686006546
0.060228291898965836
0.23903784155845642
0.18863701820373535
0.08075310289859772
0.07435093075037003
-0.07825828343629837
0.13689874112606049
-0.031159475445747375
0.015034426935017109
0.07737644761800766
0.11150390654802322
0.045058537274599075
0.1773090362548828
-0.014388696290552616
0.028106190264225006
0.05470329895615578
0.17889316380023956
-0.014866453595459461
0.18802861869335175
0.26788684725761414
0.1744009256362915
0.13809974491596222
0.14246396720409393
0.004287756979465485
0.19475625455379486
0.20115810632705688
0.05980073660612106
0.012632281519472599
-0.08476080745458603
0.20538628101348877
0.1495380401611328
0.14027050137519836
0.0949261486530304
0.10370408743619919
0.08001568913459778
-0.021517708897590637
0.2847135066986084
0.04541469365358353
0.06933631747961044
0.06610887497663498
-0.09385747462511063
0.12655794620513916
0.09206137806177139
0.2536759674549103
0.016895875334739685
-0.05898471176624298
0.05624007061123848
0.18828529119491577
-0.09442662447690964
0.21341510117053986
-0.10238246619701385
0.28924015164375305
0.22268489003181458
0.10718881338834763
0.11449923366308212
0.12833768129348755
0.23059725761413574
-0.1165701225399971
0.16773349046707153
0.16720370948314667
0.03312043845653534
0.2226518839597702
-0.060560643672943115
0.124422088265419
0.16693496704101562
0.2857436239719391
0.1807502955198288
-0.06634622067213058
-0.016319826245307922
0.06510204821825027
-0.03684088587760925
-0.2583068907260895
0.058110181242227554
0.20147642493247986
-0.0532422810792923
0.19100071489810944
0.1732005774974823
-0.04146471247076988
0.07578254491090775
0.06761497259140015
0.09586316347122192
0.2327999621629715
0.14429107308387756
-0.01573990285396576
-0.0021755313500761986
-0.11470704525709152
0.12991930544376373
0.19360464811325073
0.05644114688038826
0.2033577263355255
0.17989158630371094
-0.08522766828536987
-0.05178609490394592
0.19607561826705933
0.10571925342082977
0.2149537056684494
0.16337615251541138
0.23324346542358398
0.015221563167870045
0.17979632318019867
0.3658488392829895
0.29404792189598083
-0.06318674236536026
0.05278770253062248
0.009591973386704922
-0.00629272498190403
0.15237738192081451
0.17345686256885529
0.17074604332447052
-0.06718484312295914
0.03076240047812462
0.013359084725379944
-0.04379093274474144
-0.01716901734471321
0.13307970762252808
-0.06094049662351608
0.13850188255310059
-0.14538876712322235
-0.04747839644551277
0.04368162527680397
0.1468346267938614
0.11085119843482971
0.034279704093933105
0.12509790062904358
-0.06963527947664261
0.15171286463737488
-0.11739014834165573
0.1753331571817398
0.19726254045963287
-0.020515184849500656
-0.10416024178266525
0.18497273325920105
0.1798429787158966
0.11976039409637451
0.08194691687822342
0.108298160135746
0.13858658075332642
0.18333078920841217
0.21114014089107513
0.02976023033261299
-0.07518307119607925
0.1402205526828766
0.16958685219287872
0.14014902710914612
0.1702800691127777
0.023042429238557816
0.11551038175821304
-0.0011628856882452965
0.03228152170777321
0.27952340245246887
0.12052245438098907
0.19700069725513458
-0.09847889095544815
0.05644581466913223
0.07643409818410873
-0.1762876957654953
0.32967817783355713
0.01658971980214119
0.16722874343395233
-0.1311439573764801
0.09991195052862167
0.13731694221496582
0.27144622802734375
0.12417244166135788
0.13436007499694824
0.12399552762508392
0.009135929867625237
0.047017842531204224
0.15017379820346832
0.1736546903848648
0.09023900330066681
0.11089339852333069
0.1430985927581787
0.13451965153217316
0.18835695087909698
-0.07145469635725021
0.19026145339012146
-0.04845603555440903
0.14638739824295044
-0.031353771686553955
-0.09710570424795151
-0.01938946545124054
0.03894634172320366
0.23942767083644867
0.18915994465351105
0.036639343947172165
-0.03196556121110916
0.1490432173013687
0.2720574736595154
0.20098786056041718
-0.005692134611308575
0.2229318916797638
0.24401241540908813
0.0012136595323681831
0.09594646841287613
0.08496684581041336
0.07512588053941727
0.039213016629219055
0.21923096477985382
-0.04832976683974266
0.06384491175413132
-0.01316684577614069
0.18052278459072113
-0.15981382131576538
0.1053023487329483
0.11100403219461441
0.21236343681812286
0.040551189333200455
0.04035568609833717
0.10821091383695602
0.09629858285188675
0.199252188205719
0.30857768654823303
-0.004987624473869801
0.031695932149887085
0.07836287468671799
0.023287225514650345
-0.07371892780065536
0.0036359429359436035
0.18273934721946716
0.17602291703224182
-0.07184786349534988
0.24541623890399933
0.03788082301616669
0.08448432385921478
0.10512561351060867
0.049206480383872986
0.14397600293159485
-0.030756264925003052
-0.03873889893293381
0.2058301717042923
0.2630532681941986
0.19293323159217834
0.2218921184539795
-0.07296465337276459
0.1600024700164795
0.3107045590877533
-0.06436118483543396
0.05968713015317917
0.16745847463607788
0.10174687951803207
0.16808326542377472
0.2084692120552063
0.0988936498761177
0.16678325831890106
0.10657431930303574
0.014156338758766651
-0.05959862470626831
0.15054672956466675
0.11869499832391739
-0.06555347144603729
-0.00847433228045702
0.2525731325149536
0.047794029116630554
0.12458326667547226
0.07020579278469086
0.18142284452915192
0.08644720166921616
0.029409058392047882
0.14374004304409027
0.05147888883948326
0.1324240267276764
0.00658465176820755
0.23379941284656525
0.07704543322324753
-0.04898063838481903
0.24538618326187134
0.1228470504283905
0.0030103037133812904
0.15679989755153656
0.010817674919962883
0.1207326129078865
0.013342134654521942
-0.01947147771716118
0.20765802264213562
0.12695515155792236
0.16661441326141357
-0.09518139809370041
0.08024069666862488
0.002851172350347042
0.17828255891799927
-0.056745998561382294
0.21959717571735382
0.156501904129982
0.11189331859350204
0.04765934497117996
0.13816837966442108
0.046722158789634705
0.24463510513305664
0.2183489054441452
-0.12742817401885986
0.28465768694877625
0.3113682270050049
0.1505480259656906
-0.15728506445884705
0.06149081140756607
0.10856873542070389
0.2828351855278015
-0.031185396015644073
-0.06369476020336151
0.07921285182237625
0.05025869235396385
0.1284831166267395
0.16618019342422485
0.09759269654750824
-0.0794353112578392
0.001075156033039093
0.13289043307304382
0.21570175886154175
-0.0797789916396141
0.027962088584899902
0.01716662012040615
0.034829530864953995
0.053390126675367355
-0.1084856167435646
0.04851612076163292
0.24769534170627594
-0.09011390060186386
-0.06880009174346924
0.060901857912540436
-0.030686117708683014
0.045044783502817154
-0.054578348994255066
-0.10654333233833313
0.16178792715072632
0.19973985850811005
0.06552108377218246
0.03508712351322174
0.07737524062395096
0.21332544088363647
0.32254770398139954
0.3394400477409363
-0.009420833550393581
0.256091445684433
0.10009661316871643
0.0994080975651741
0.37128889560699463
0.2269962728023529
-0.08092903345823288
0.18168798089027405
-0.05831436067819595
-0.00681554339826107
0.12153345346450806
0.11577107012271881
0.008080544881522655
0.18194128572940826
0.08232926577329636
0.016756903380155563
-0.1407494843006134
0.0625680610537529
0.010001483373343945
0.08599592745304108
0.121112160384655
-0.1508384644985199
0.09800629317760468
0.03092985227704048
0.23352386057376862
-0.14390873908996582
0.16091091930866241
0.044622752815485
0.2062733769416809
0.031364891678094864
0.10688704252243042
0.16362415254116058
0.14938879013061523
0.14904794096946716
0.29616960883140564
0.11081584542989731
0.14316987991333008
0.1770155131816864
0.08715818077325821
0.0032198880799114704
0.04940268024802208
0.23616260290145874
0.1030648797750473
-0.13661471009254456
0.22108663618564606
-0.08127706497907639
0.011546623893082142
-0.05776292830705643
0.11320479214191437
0.005766437388956547
-0.013323628343641758
0.12451602518558502
0.167379230260849
-0.008147379383444786
-0.005495949648320675
0.06710683554410934
-0.08749081939458847
0.10227978229522705
-0.12004344910383224
0.1160142794251442
0.14430418610572815
-0.08983238786458969
0.05978245660662651
0.013638813979923725
0.21327540278434753
0.013919984921813011
0.17314787209033966
0.1400282233953476
0.001973808743059635
0.09276937693357468
0.12851116061210632
0.07856371253728867
-0.0003021545708179474
-0.07300981879234314
0.13045912981033325
0.05651962012052536
0.11687538027763367
-0.021662544459104538
0.08884129673242569
0.0008538598194718361
0.04798124358057976
0.2143348604440689
